0.028508358125620
0.123307200225091
-0.020610473405229
-0.007428766309367
0.064255528048000
-0.028327894578102
-0.004866231745497
0.020909724144794
0.003898256944061
0.005654253710200
0.030198810233392
-0.077561059670580
0.071472783289458
-0.025971106123087
0.019523908940604
-0.132000484451584
-0.026757763680420
-0.072065284562579
0.039733014293964
-0.098857474960995
-0.241779748709559
-0.000981431216899
0.116855998789156
-0.034308138369324
0.026305556526441
0.035876661595886
-0.074318640368030
-0.261312422077104
-0.170210078918391
0.000053102513708
-0.021247139322440
-0.018083201933891
0.008932166146926
0.078251906983471
-0.102506502529436
0.009196174990589
0.060567212104869
-0.120087716345132
-0.076311933438150
0.032317333432622
0.001301743040658
-0.055582155423933
0.150445975853735
0.104495424144290
-0.031220477145688
-0.007418926926831
-0.052923274768047
-0.011291054525463
0.001090068681268
-0.071118421097018
0.095189326050064
-0.003198321509492
-0.085129669087360
0.045166480178684
0.129331742178863
-0.004931246775958
0.029293614952307
0.225911488133566
-0.137334535595281
0.057965035800728
0.027195434910963
0.032310654215917
-0.095511794257180
0.101042659715276
-0.209188591854653
0.035044753897114
-0.063093316457734
0.032411276122397
0.017238710506270
-0.003431360590956
-0.046272370367801
0.177135673029966
-0.080013989895604
-0.082622509420146
0.054524994968118
-0.048307644010642
0.052146574008096
0.006943487074238
0.110534600006009
0.012778222703051
0.057212758123911
-0.041863444074529
-0.003928303014968
0.020765881227315
0.008026677950265
0.077707046846451
-0.022869817454275
-0.049336899741748
-0.001168753671240
0.031007662460681
-0.035685859675822
0.076767959693321
-0.010733514028278
0.022364880141456
-0.010886539406841
0.007675356080166
-0.099076943709086
0.164760544837150
0.043782076401312
0.017231189249419
-0.007551145271303
-0.008008646100696
0.146240466910944
0.168526689833646
0.007893209261180
0.080270338172310
0.012570088471237
0.070591218030358
0.005100804396202
-0.023207130497522
0.001392359925677
-0.007105100566178
-0.013758775799204
0.025190348111137
-0.047446560242740
0.007997497213391
-0.047340182861041
0.011762804374573
0.013847545159788
0.054325888157744
-0.006594291709180
-0.014456237882638
0.010866165322013
-0.006852190527078
-0.006095130390417
0.077644320347806
0.022086303211798
0.250280306373435
0.147462860702227
-0.052176978287162
0.016790310419313
0.029945168515575
0.032309504582613
-0.104367141308981
-0.017430079331343
0.036547179317578
0.123218199668648
0.046881669692388
0.025729359307328
-0.145334978780306
0.150065589523380
-0.302628010904199
0.047097028937930
-0.065086971913982
-0.013946333998642
0.040137860934817
0.012432286876502
-0.006179051015139
-0.002444269020325
0.007223661423817
-0.050289083607766
0.004157386897498
-0.011710129569182
0.023356821018808
0.045225069567805
-0.084016352091120
0.078883763317475
-0.007944735853521
-0.008549469955127
-0.000196145035629
0.032216136929144
-0.008020687749869
-0.137798565962959
0.224690609161661
0.072458190222207
-0.011742539036035
-0.045205813890467
0.002761212502614
-0.104380691849407
0.044913949696049
0.093504160108555
-0.158224243683548
-0.084031735555471
-0.032404149921047
0.001293192188077
0.012879164280218
0.016250934179554
0.017178942211386
0.017431185511381
0.017500197524136
0.017519338406942
0.000849704936773
-0.004677105402370
-0.006349074916843
-0.008889263126597
-0.012661465054024
-0.015376015770663
-0.015359163854469
-0.012263735327736
-0.006669794930114
-0.073441472436544
0.180250873013818
0.205653245566803
0.122038069019136
0.017796549330313
-0.075390407965086
-0.150238785629164
-0.207633802018403
-0.250621114821838
-0.170479369083217
-0.044363527495211
-0.010067302770956
0.005119918657558
0.015903139875788
0.024374045575991
0.030915590536079
0.035825139304042
0.039427571675980
0.038005986596055
-0.000537749589532
-0.011585406691092
-0.007043627498726
-0.000458064665778
0.003415587783283
0.004184045659346
0.002757668737715
0.000125649857146
-0.004866231745497
-0.004866231745497
-0.004866231745497
-0.004866231745497
-0.004866231745497
-0.004866231745497
-0.004866231745497
-0.004866231745497
-0.004866231745497
-0.143410111848616
-0.010401637289021
0.069772689045316
0.083185891969328
0.060655379627896
0.025154369988759
-0.011349912946546
-0.043811640268263
-0.070735744814679
0.001293821178913
-0.003894034174492
-0.005494732871519
-0.004573297290346
-0.002577025490768
-0.000366169275025
0.001664062554052
0.003376596527251
0.004756881703420
-0.054872415767210
-0.002737008338405
0.027446320162146
0.024183191543997
0.006860378233140
-0.006840261990198
-0.008140734372321
0.004295699528249
0.027573644236420
-0.264648517409085
-0.037607479116964
0.115937699765770
0.145264344828486
0.112687354044255
0.064071781497272
0.019470449154843
-0.015610486232492
-0.041638419622479
-0.073799415538134
-0.091119152674241
-0.070080034465049
-0.040682742638254
-0.016681047047650
0.000607825795817
0.013395080419569
0.023689328296683
0.032625239946954
-0.102456062656359
0.014840319351711
0.058337861749791
0.036072795071795
-0.002353137422985
-0.027331479627836
-0.028622465128288
-0.006631084754719
0.033981638629465
-0.022991519723333
-0.018683809305664
-0.013130670254231
-0.006411148235069
0.001399181576919
0.010228100631685
0.020006601620916
0.030668761703181
0.042151639105595
0.009760484272162
0.002447218397346
-0.001502130798674
-0.003019492360839
-0.003031839068994
-0.002212340380982
-0.000990308071671
0.000382459521863
0.001768151835073
0.105953424313099
0.216019211562656
0.112281609235190
-0.061230122898413
-0.190574601152855
-0.222602869469428
-0.145871302305093
0.029185005269613
0.283143627709848
0.014971771696771
0.037059106669486
0.037344570996362
0.025518475776722
0.010980763525742
-0.002445047067939
-0.013972489461660
-0.023673473600493
-0.031706635139737
0.085031537590492
0.026086074393826
-0.031016756878044
-0.047603102094330
-0.037320544560288
-0.015984308602414
0.006333979358016
0.024369877869215
0.035928302305744
-0.135717013276955
0.006425977828197
0.023130899287180
0.016446824210436
0.009437605826412
0.004956706537572
0.002305461161927
0.000630009356119
-0.000597047989500
0.026209623979685
-0.024226231544756
0.003614623060452
-0.005581209629653
-0.010014543838999
-0.013188016868797
-0.015142680337603
-0.010321101964195
-0.009869452821075
-0.010461708434530
-0.019452018111286
0.022355097128929
-0.011424411351299
-0.013981220100164
-0.019169386086423
0.035721994378137
-0.004943044123535
-0.011874660625576
-0.008872597819451
-0.007731259646497
-0.020872106856544
0.019956743110881
0.013511524280347
0.022134060951712
-0.017851007942752
0.015432721827046
-0.020990332485093
0.025218449049407
0.035254614587102
0.015629826507324
0.001346683175441
0.013866787524948
-0.012844411283518
0.029135498026921
0.007448001602050
-0.005569966172656
0.005967313712577
-0.007624304101561
-0.003293949880519
0.000746396533697
-0.006934755462777
0.051507395574524
0.009337738634539
0.002434408261487
-0.006704871845155
0.003280606596976
0.022884874522527
-0.026932909919901
-0.018623313276572
-0.000772331644797
-0.013757648703369
-0.014336716888416
-0.014352396144257
-0.000262707688986
-0.015902686167920
-0.002107503001480
0.015915669169325
-0.025302334956697
0.004766011837584
-0.003050596742098
-0.004428356616632
-0.010055868562585
0.001905792724776
-0.014357458948678
0.006113712459551
0.105657518752190
-0.021190890971088
-0.002511704721310
0.001623916500587
-0.003584579033879
